(BSplineTransformSplineOrder 3)
(Direction 1 0 0 0 1 0 0 0 1)
(FixedImageDimension 3)
(FixedInternalImagePixelType "float")
(GridDirection 1 0 0 0 1 0 0 0 1)
(GridIndex 0 0 0)
(GridOrigin -171.08250018954277 -171.08250018954277 -171.08250018954277)
(GridSize 4 4 4)
(GridSpacing 144 144 144)
(HowToCombineTransforms "Compose")
(Index 0 0 0)
(InitialTransformParameterFileName "NoInitialTransform")
(MovingImageDimension 3)
(MovingInternalImagePixelType "float")
(NumberOfParameters 192)
(Origin 0 0 0)
(Size 160 160 160)
(Spacing 0.5649999976158142 0.5649999976158142 0.5649999976158142)
(Transform "BSplineTransform")
(TransformParameters 0.20535049307065498 0.15521869932456106 0.0782870107746905 0.01965484990923108 0.24831360286485546 0.10900582050156779 -0.12294590856306402 -0.05620307703036989 0.23385162232986959 0.10136475171317866 -0.09828052685325118 -0.05562160270070724 0.16247885254198519 0.10728515942679485 0.04499684950173153 -0.0036480329756927487 0.34386222910127556 0.2941717694119503 0.08930585266208592 0.05064408246108495 0.5188802127552145 0.28574603665479636 -1.2143162341163285 -0.2176373458917117 0.4680702136525393 0.20002517892736776 -1.0268862763052402 -0.1905940929874862 0.26963887237241985 0.19912895823394525 0.06861061581095283 0.02084374595301891 0.3821299338568563 0.39296657134042434 0.22654487612399624 0.10909829585557604 0.5778383350720366 0.7896654965519744 -0.22539352397158288 -0.02757523129214566 0.5228320768744044 0.6127166084241342 -0.22009460627725883 -0.02565147360057883 0.3026880535751542 0.2690573703831082 0.15692109395255557 0.06865093160567802 0.32274446210016605 0.35118683117105587 0.2947408736862762 0.16587326228807103 0.4137351433581284 0.4685017283755638 0.37080379913912886 0.18120111844877587 0.3942591848588395 0.4323188048250954 0.34499620053757 0.1709135525142738 0.26931727767881963 0.2797416911896794 0.23227421297668288 0.12905413962082782 0.5272672344048054 0.6808784923550186 0.6864358322392905 0.5404315365416058 0.6761810670411673 0.8494131233801087 0.8814198867842473 0.7021339854826385 0.6802479378582117 0.8420435624607812 0.8802292903325752 0.7081001677568354 0.5401437866231928 0.7009489763560117 0.7084244275723289 0.5560138720100792 0.7219669648682205 0.9384619417623532 0.9496105461030742 0.7363343941138774 0.9444690124851167 1.176567903338782 1.2674247411722677 0.9746922278903961 0.9611276745791004 1.2353047340757037 1.3053999159854186 0.9855066033210235 0.7586452294591136 1.0075969007189252 1.0154537810663953 0.7718222383027474 0.7546948071559657 0.9956533210495584 1.0035390940744033 0.7643458303467064 1.0540012193408128 1.8348692439648076 1.746952494113918 1.0359007608922088 1.1020690382009866 2.2001636865404275 1.982223838431602 1.0519512748243984 0.8070227020001691 1.1428818186405099 1.1232761214481861 0.8073841435121178 0.613141668277485 0.810849339706719 0.8115042495044642 0.6163497824094966 0.8371308066733025 1.2095874324005826 1.19164109679078 0.833311327987725 0.8573133056924795 1.2866826109968452 1.2495917974928927 0.8470294919334319 0.6510601455304018 0.8808619663542611 0.8755274785464255 0.6498170935124175 -0.27760311410820326 -0.3066302951875241 -0.30360870980300675 -0.2634179613640187 -0.26198920208905224 -0.11213806569425981 -0.1336684968808347 -0.24956731660034234 -0.23965861029831703 -0.08860095915612165 -0.11533635598137301 -0.23068281489687062 -0.18757073776006178 -0.18998311739640206 -0.18999837663414879 -0.17861932313382817 -0.46292031467397277 -0.49382000512166313 -0.4687760274460765 -0.4252232425822836 -0.4454484793531665 0.27007451512441244 0.33423173732228567 -0.38038664789297716 -0.41016672767731005 0.27584711613735663 0.23188187583217057 -0.3752613774824452 -0.34157074985366087 -0.344871273579735 -0.3470285509331326 -0.3191356057038527 -0.5457578890495428 -0.6411414275966466 -0.5799397831991152 -0.49157833012357416 -0.6432800380641538 -0.6184438213528471 -0.1919562942494202 -0.4867580444642712 -0.6047075521753553 -0.7015090090688917 -0.46571770740115126 -0.4960062612364724 -0.42401474053983984 -0.5115113730287659 -0.49797754822734963 -0.39028893912232965 -0.5199649929864631 -0.65739607132351 -0.6369344195439356 -0.4824563098825504 -0.6380936357258823 -0.8111184459896993 -0.7305771962154461 -0.5718330594172052 -0.6154472303924757 -0.8087815069581081 -0.7542384120062711 -0.5578798467856803 -0.43142082368332363 -0.5486567774235456 -0.5371448662601099 -0.4021083376329218)
(UseCyclicTransform "false")
(UseDirectionCosines "true")

// ResampleInterpolator specific
(FinalBSplineInterpolationOrder 3)
(ResampleInterpolator "FinalBSplineInterpolator")

// Resampler specific
(CompressResultImage "false")
(DefaultPixelValue 0)
(Resampler "DefaultResampler")
(ResultImageFormat "nii")
(ResultImagePixelType "float")
